Time	Tip Location
18:07:59	22830.368;8292.661;289.766
18:07:59	22830.368;8292.661;289.766
18:08:02	22846.149;8260.810;288.355
18:08:02	22846.149;8260.810;288.355
18:08:02	22846.149;8260.810;288.355
18:08:03	22846.109;8260.847;288.363
18:08:05	22850.009;8260.239;257.133
18:08:13	22850.870;8359.595;283.950
18:08:18	22847.095;8359.341;256.855
18:08:20	22864.200;8345.268;294.652
18:08:20	22864.190;8345.266;294.642
18:08:20	22864.190;8345.266;294.642
18:08:23	22885.207;8308.052;294.679
18:08:25	22920.099;8270.398;294.924
18:08:25	22920.099;8270.398;294.924
18:08:33	24119.965;8309.837;294.758
18:08:36	24114.346;8348.237;294.555
18:08:40	24111.966;8273.652;295.102
18:08:40	24111.966;8273.652;295.102
18:08:45	24116.766;8260.752;285.549
18:08:45	24116.766;8260.752;285.549
18:08:51	24120.431;8360.031;280.798
18:08:51	24120.404;8360.023;280.841
18:08:55	24081.274;8359.820;255.877
18:08:55	24081.274;8359.820;255.877
18:08:55	24081.274;8359.820;255.877
18:09:02	24076.406;8260.298;260.877
18:09:07	24140.273;8331.018;264.754
18:09:17	23546.267;8260.217;258.446
18:09:25	23555.840;8359.446;282.419
18:09:25	23555.840;8359.446;282.419
18:09:37	23565.899;8359.453;257.926
18:09:47	23643.968;8260.245;253.573
18:09:47	23643.967;8260.228;253.563
18:09:47	23643.967;8260.228;253.563
18:09:58	22212.018;8311.310;287.010
18:09:58	22212.018;8311.310;287.010
18:09:58	22212.018;8311.310;287.010
18:10:09	22177.000;8349.797;294.804
18:11:13	22175.175;8310.040;295.050
18:11:14	22175.181;8310.041;295.045
18:12:48	22211.918;8310.738;280.041
18:12:48	22211.918;8310.738;280.041
18:12:49	22211.903;8310.702;280.040
18:12:53	22194.946;8317.992;295.087
18:12:53	22194.941;8317.990;295.079
18:12:56	22165.797;8351.416;294.984
18:13:00	22165.013;8273.939;295.075
18:13:05	22179.360;8260.294;287.157
18:13:10	22152.694;8260.411;255.878
18:13:13	22122.347;8360.524;255.713
18:13:16	22118.360;8360.469;281.940
18:13:16	22118.360;8360.469;281.940
18:13:23	21591.270;8311.595;295.214
18:13:27	21629.517;8360.273;284.538
18:13:30	21550.457;8360.364;253.392
18:13:30	21550.444;8360.372;253.378
18:13:30	21550.444;8360.372;253.378
18:13:30	21550.444;8360.372;253.378
18:13:30	21550.444;8360.372;253.378
18:13:35	21608.628;8260.343;288.655
18:13:37	21568.127;8260.252;254.752
18:13:43	20340.415;8310.579;294.860
18:13:47	20309.449;8260.538;283.133
18:13:50	20365.684;8260.457;258.432
18:13:54	20421.504;8309.996;294.831
18:14:12	20397.607;8360.368;284.815
18:14:23	20365.202;8360.163;255.680
18:14:55	19080.059;8310.486;294.976
18:14:55	19080.059;8310.486;294.976
18:14:57	19080.053;8310.547;294.976
18:14:57	19080.053;8310.547;294.976
18:15:01	18994.500;8313.437;294.760
18:15:15	19066.200;8260.296;260.550
18:15:18	19078.111;8260.456;289.358
18:15:22	19023.199;8360.182;281.629
18:15:22	19023.199;8360.182;281.629
18:15:23	19023.200;8360.179;281.639
18:15:44	19135.290;8360.355;254.799
18:15:59	18908.267;8311.265;294.348
18:16:04	18908.390;8289.899;259.546
18:16:16	19083.710;9110.438;294.253
18:16:21	19085.439;9060.091;261.135
18:16:30	19073.388;9160.055;283.080
18:16:33	19141.016;9160.243;254.934
18:16:38	18907.800;9125.349;283.053
18:16:42	19165.440;9060.094;284.019
18:16:47	20329.714;9060.012;282.991
18:16:51	20326.411;9159.768;285.606
18:16:54	20337.186;9115.299;294.824
18:17:00	20282.163;9073.745;294.728
18:17:00	20282.163;9073.745;294.728
18:17:04	20416.244;9154.772;294.969
18:17:11	21652.366;9113.081;294.906
18:17:15	21534.998;9113.767;294.897
18:17:20	21620.361;9160.167;256.318
18:17:24	21519.074;9160.162;287.904
18:17:24	21519.074;9160.162;287.904
18:17:29	21612.838;9060.294;259.085
18:17:33	21557.840;9060.177;288.259
18:17:41	22887.915;9115.902;294.275
18:17:43	22816.912;9114.198;294.233
18:17:49	22874.192;9160.010;255.631
18:17:49	22874.192;9160.010;255.631
18:17:53	22815.826;9159.843;283.626
18:17:53	22815.826;9159.843;283.626
18:17:57	22863.699;9060.290;259.867
18:17:57	22863.699;9060.290;259.867
18:18:01	22823.039;9060.366;286.079
18:18:01	22823.039;9060.366;286.079
18:18:07	23410.464;9113.735;282.103
18:18:11	23354.753;9160.226;280.335
18:18:15	23380.325;9060.553;254.019
18:18:15	23380.325;9060.553;254.019
18:18:22	24233.324;8603.792;244.092
18:19:16	24157.945;8625.835;243.893
18:19:25	24229.039;8637.351;232.292
18:19:25	24229.039;8637.351;232.292
18:19:41	25312.740;8594.051;244.373
18:19:41	25312.740;8594.051;244.373
18:19:44	25233.459;8584.254;235.183
18:19:51	25216.292;8633.306;236.878
18:19:51	25216.292;8633.306;236.878
18:20:09	25446.236;8607.325;593.805
18:20:09	25446.236;8607.325;593.805
18:20:10	25446.281;8607.352;593.763
18:20:10	25446.281;8607.352;593.763
18:20:10	25446.281;8607.352;593.763
18:20:16	25445.270;7959.702;594.499
18:20:16	25445.270;7959.702;594.499
18:20:20	25442.083;7405.890;594.695
18:20:25	25378.462;7410.971;644.644
18:20:25	25378.462;7410.971;644.644
18:20:29	25368.922;7945.745;644.339
18:20:30	25368.922;7945.745;644.339
18:20:35	25371.498;8599.951;644.570
18:20:40	25369.934;9245.994;644.427
18:20:43	25442.801;9253.559;594.346
18:20:47	25441.628;9811.519;594.582
18:20:55	25368.844;9822.386;644.279
18:20:58	25392.393;9823.645;627.467
18:21:05	25352.099;9835.405;632.944
18:21:11	25352.274;9785.455;635.119
18:21:14	25392.137;9799.349;629.071
18:21:19	25392.937;9272.876;625.587
18:21:22	25392.834;9242.747;629.004
18:21:26	25353.324;9232.785;637.734
18:21:26	25353.324;9232.785;637.734
18:21:26	25353.268;9232.813;637.759
18:21:34	25353.701;9282.275;630.794
18:21:40	25393.246;8626.704;631.572
18:21:54	25354.672;8585.228;637.493
18:21:55	25354.672;8585.228;637.493
18:22:01	25358.656;8634.620;631.568
18:22:01	25358.606;8634.621;631.576
18:22:01	25358.606;8634.621;631.576
18:22:01	25358.554;8634.623;631.585
18:22:01	25358.554;8634.623;631.585
18:22:01	25358.554;8634.623;631.585
18:22:01	25358.554;8634.623;631.585
18:22:07	25391.667;7974.445;640.007
18:22:11	25391.540;7945.622;638.319
18:22:14	25379.153;7982.628;631.580
18:22:24	25382.910;7932.713;635.542
18:22:29	25391.170;7425.364;633.753
18:22:32	25391.126;7395.653;636.522
18:22:41	25351.435;7433.676;637.794
18:22:41	25351.435;7433.676;637.794
18:22:41	25351.443;7433.675;637.790
18:22:41	25351.443;7433.675;637.790
18:22:41	25351.443;7433.675;637.790
18:22:47	25349.824;7384.376;637.184
18:22:47	25349.824;7384.376;637.184
18:22:56	25568.726;6688.329;484.529
18:23:00	25569.097;6718.468;475.586
18:23:06	25608.523;6681.385;480.104
18:23:06	25608.523;6681.385;480.104
18:23:11	25608.061;6730.704;480.167
18:23:23	26333.163;6728.835;475.610
18:23:26	26361.227;6728.637;477.904
18:23:42	26373.403;6714.698;474.284
18:23:52	26337.234;6678.930;479.634
18:23:57	26348.052;6713.366;498.537
18:24:04	26430.810;6705.739;747.875
18:24:07	26404.888;6714.238;713.345
18:24:18	26443.386;6727.439;719.524
18:24:24	26444.241;6677.635;730.237
18:24:28	26503.990;6718.072;714.299
18:24:31	26572.045;6690.286;714.046
18:24:31	26571.970;6690.299;714.049
18:25:06	26709.397;6699.761;689.508
18:25:13	26690.790;6718.266;713.790
18:25:13	26690.790;6718.266;713.790
18:25:16	26687.608;6687.193;713.944
18:25:16	26687.602;6687.220;713.939
18:25:16	26687.602;6687.220;713.939
18:25:20	26688.388;6727.727;705.118
18:25:27	26688.081;6678.218;702.833
18:25:33	26643.925;5909.133;815.749
18:25:36	26607.966;5910.302;816.072
18:25:45	26603.690;5918.287;768.865
18:25:50	26640.076;5903.923;785.606
18:25:50	26640.076;5903.923;785.606
18:25:50	26640.076;5903.923;785.606
18:25:55	26652.211;5909.330;767.706
18:25:55	26652.211;5909.330;767.706
18:26:04	26619.555;7503.093;787.473
18:26:12	26642.695;7503.246;746.058
18:26:12	26642.695;7503.246;746.058
18:26:25	26605.186;7496.463;721.493
18:26:30	26655.159;7271.435;769.621
18:26:46	26645.057;7459.644;466.545
18:26:46	26645.057;7459.644;466.545
18:26:46	26645.057;7459.644;466.545
18:26:46	26645.057;7459.644;466.545
18:26:46	26645.057;7459.644;466.545
18:27:00	26634.778;7473.636;213.979
18:27:00	26634.778;7473.636;213.979
18:27:11	26649.927;7291.761;196.181
18:27:11	26649.925;7291.732;196.160
18:27:21	26639.519;5947.180;622.673