[50,[[[0, 0], [1, 0]], [[0, 0], [1, 0]], [[0, 0], [1, 0]], [[0, 0], [1, 0]]]]
H / I Shape:
[50.,[[[0.,0.],[0.,0.2],[1.,0.2],[1.,0.],],[[0.,0.],[1.,0.],],[[0.,0.],[0.,0.2],[1.,0.2],[1.,0.],],[[0.,0.],[1.,0.],],]]
Housed:
[50.,[[[0.,0.],[0.2,0.],[0.2,0.2],[0.8,0.2],[0.8,0.],[1.,0.],],[[0.,0.],[0.,0.2],[1.,0.2],[1.,0.],],[[0.,0.],[0.2,0.],[0.2,0.2],[0.8,0.2],[0.8,0.],[1.,0.],],[[0.,0.],[0.,0.2],[1.,0.2],[1.,0.],],]]

[50.,[[[0.,0.],[0.038,0.192],[1.,0.],],[[0.,0.],[1.,0.],],[[0.,0.],[0.963,0.193],[1.,0.],],[[0.,0.],[0.193,0.037],[0.808,0.038],[1.,0.],],]]
Bowtie:
[50.,[[[0.,0.],[1.,0.],],[[0.,0.],[0.5,0.2],[1.,0.],],[[0.,0.],[1.,0.],],[[0.,0.],[0.5,0.2],[1.,0.],],]]

[50.,[[[0.,0.],[0.2,0.2],[0.8,0.2],[1.,0.],],[[0.,0.],[1.,0.],],[[0.,0.],[0.2,0.2],[0.8,0.2],[1.,0.],],[[0.,0.],[1.,0.],],]]
